 61379 61380 61381 61382 61383 61384 61385 - 0.001
 1001 1002 1003 1004 1005 1006 1007 - 0.001125
 63886 63887 63888 63889 63890 63891 63892 63893 63894 63895 - 0.006750000000000001
 35267 35268 35251 35252 35253 35254 35255 35256 - 0.0004625
 6837 6838 6839 6840 6841 6842 6843 6844 6845 6846 6847 6848 - 0.0052
 33976 33977 33978 33979 33980 33981 33982 33983 33984 33985 - 0.010245454545454544
 58322 58323 58324 58325 58326 58327 58328 - 0.002
 96655 96656 96659 96660 96661 96662 96663 96601 96602 96603 96604 - 0.0020625
 82473 82474 82475 82476 82477 82478 596946 596947 - 0.009181818181818183
 56098 56099 56100 56101 56102 56103 56104 56105 56106 56107 56108 56109 - 0.006409090909090909
 19703 19704 19705 19706 19707 19708 19709 - 0.008245454545454545
 68398 68399 68400 547023 547024 547025 547026 68380 68381 68382 - 0.0025675
 64516 64538 64537 64521 64522 64523 64524 64525 64526 - 0.0171
 33346 33347 33348 33349 33350 33351 33352 - 0.0066875
 30023 30024 30025 - 0.0031125000000000002
 84155 84156 84157 84158 84159 84160 84161 84162 84163 84164 84165 - 0.005533333333333334
 62135 62136 62137 62138 24038 24039 - 0.0024625
 42137 42138 42139 42140 42141 42142 42143 - 0.0003375
 37517 37518 37519 - 0.0015875
 92244 92245 92246 92247 92248 92249 92250 92251 - 0.007087499999999999
 78653 78654 78655 78656 78657 78658 78659 78660 78661 78662 44719 44720 44721 - 0.018379166666666665
 74575 74576 74577 74578 74579 74580 74581 74582 74583 - 0.0032600000000000003
 65069 65038 65070 65071 65049 65048 65047 65046 - 0.009000000000000001
 53915 53916 53917 53918 53919 53920 53921 - 0.02448181818181818
 69740 69741 69742 69743 69744 69745 - 0.00047500000000000005
 72906 72907 72908 72909 72910 72911 - 0.0037374999999999995
 95485 95486 95487 95488 95489 95490 - 0.0054666666666666665
 53535 53536 53537 53538 53539 53540 53541 53542 53543 53544 - 0.009772727272727273
 68660 68661 68662 68663 68646 68621 68622 68623 - 0.007300000000000001
 17246 17247 17248 17249 17250 17251 17252 17253 17254 17255 - 0.0017555555555555556
 71996 71997 71998 71999 72000 72001 - 0.0021625
 7903 7904 7905 7906 521949 521950 521951 521952 521953 521954 521955 521956 - 0.022924242424242423
 99327 99328 99329 99330 - 0.0046
 20598 20597 - 0.002025
 9158 9159 9160 9161 9162 9163 9164 9366 9367 9368 9369 - 0.01381818181818182
 20856 20857 20858 20859 20860 20861 - 0.0003375
 31941 31942 31943 31944 31945 31946 31947 31948 - 0.0034999999999999996
 69116 69117 69118 69119 69099 - 0.006299999999999999
 61525 61526 61527 61528 61515 61529 61530 61531 61532 61533 61534 61205 - 0.005625
 24264 933840 933841 933842 69656 933843 69657 69658 69659 69660 69661 - 0.0048375
 84217 - 0
 96040 96041 96042 96043 96044 96045 96046 - 0.006999999999999999
 95852 95853 95854 95855 - 0.005166666666666667
 57928 57929 57930 57931 57932 57895 57896 - 0.0037875
 72776 72775 - 0.0003125
 31821 31822 31823 31824 31825 31826 31827 31828 31829 533395 533396 533397 - 0.00676
 94993 698698 698697 698696 698695 698694 698693 698707 95011 95010 95009 95008 95007 95006 95005 95004 - 0.013070833333333334
 55005 55006 55007 55008 55009 55010 54963 54964 54965 54966 54967 - 0.006125
 71671 17621 17622 17623 17624 16752 16744 16745 - 0.017066666666666667
 55618 55617 55616 55615 55614 55613 55612 55611 55610 55609 - 0.0005375
 93993 93994 93995 93996 93997 93998 93999 94000 94001 94002 94003 - 0.013966666666666667
 667 879178 541580 541581 541582 - 0.0037666666666666664
 85928 85929 85930 85931 85932 85933 85934 - 0.0006000000000000001
 99555 99556 99557 99558 - 0.0011333333333333334
 23501 23502 23503 23504 23505 23506 23507 - 0.0047375
 3721 3722 3723 - 0.0014818181818181818
 59241 59242 21048 21049 21050 21045 21046 - 0.006633333333333333
 76887 76888 76889 76890 76891 76892 76893 76894 76895 - 0.02617272727272727
 72600 72601 72602 72603 72604 72605 72606 72607 72608 72609 - 0.0006
 59932 59933 59934 59935 59936 59937 59938 59939 59940 59941 59942 59943 59944 - 0.009487500000000001
 11240 11241 11242 11243 11244 11245 11246 11247 - 0.000425
 24785 24786 24787 24788 24789 24790 - 0.007466666666666667
 24956 24957 24958 24959 24960 24961 24962 24963 24964 - 0.00035
 49365 49366 49367 49368 49369 49370 49371 - 0.003
 56557 56558 56559 56560 56561 56562 56563 56564 56565 - 0.0030125000000000004
 23349 23350 23351 23352 23353 23354 23165 23355 - 0.0007000000000000001
 48315 48316 48317 48318 48319 48320 - 0.002966666666666667
 684 685 686 687 688 689 444 445 446 447 783080 498 - 0.0068541666666666655
 44561 44551 44552 44553 44554 44555 44556 44557 43974 43975 43976 43977 - 0.004125
 77496 77497 77498 - 0.0005625000000000001
 74734 74735 74736 74717 28487 28493 74718 74719 74720 28481 28482 28483 28484 28485 - 0.008575000000000001
 74935 74936 74937 74938 74939 45997 45998 45999 46000 46001 46002 46003 46004 - 0.0450090909090909
 3640 3641 3642 3643 3484 3485 - 0.0047
 75405 75406 75407 75408 75409 75410 75411 74420 74421 74427 - 0.0110625
 33934 33935 33936 33937 33938 33939 33940 33941 33942 - 0.005544444444444444
 55386 55385 - 0.00045555555555555556
 35767 35768 35769 35770 35771 35772 35773 - 0.0032125
 40057 40058 40059 40060 40061 40062 40063 40064 40065 - 0.002988888888888889
 27486 27485 - 0.00023333333333333333
 63829 63830 63831 63832 63833 63834 63835 63836 - 0.0003375
 9207 9208 9209 9210 9211 9212 9213 9214 9215 9216 9217 9218 - 0.010527272727272727
 67415 67416 67403 67404 67405 67406 67407 67408 67409 67410 67411 - 0.0049375
 34106 34107 34108 34109 34110 34058 34059 34060 - 0.0029888888888888895
 55245 55246 55247 55248 55249 55250 55251 55252 55253 55254 55255 - 0.0056875
 89265 89266 89267 89268 89269 89184 89185 - 0.00245
 95343 95344 95345 95346 95347 95348 95349 95350 95351 95352 - 0.008066666666666666
 13742 13743 13744 13745 13746 - 0.0015
 28065 28066 28067 28068 28069 28070 28071 28072 28054 28055 - 0.001125
 30503 30504 30505 30506 30507 542903 542904 542905 542925 542926 542927 - 0.011362500000000001
 32543 32544 32545 32546 32547 32548 32549 32550 32551 32552 32553 - 0.0029
 5929 5930 5931 5932 5933 5934 5935 5936 5937 5938 - 0.01140909090909091
 6384 6385 6386 6387 6388 6389 6390 873412 - 0.010666666666666666
 49379 49380 49381 49382 49383 49384 49385 49386 49387 49388 49389 - 0.005666666666666667
 29004 29005 29006 74410 74411 74412 74413 74400 74401 - 0.0032250000000000004
 99301 99302 99303 99304 - 0.0035666666666666668
 29162 29163 28581 28582 28583 28584 28585 28586 28587 28588 28537 - 0.0035625
 5998 5999 6000 6001 6002 6003 - 0.0008909090909090909
 25155 25156 - 0.016466666666666668
 85915 85916 85917 85918 85919 85920 85921 85922 85923 85924 85925 85926 - 0.0025875000000000004
 71853 71854 71855 71856 71857 71858 71859 - 0.0035111111111111107
